2022-04-01 00:00:00,45525.25,45662.62,45364.92,45552.88,1014.805
2022-04-01 01:00:00,45549.49,45555.0,44877.04,44954.34,2969.312
2022-04-01 02:00:00,44947.73,45066.5,44232.86,44392.9,3399.485
2022-04-01 03:00:00,44401.0,44642.42,44291.51,44614.99,1345.158
2022-04-01 04:00:00,44606.6,44897.95,44554.06,44669.19,951.731
2022-04-01 05:00:00,44660.9,44804.44,44588.0,44674.0,672.026
2022-04-01 06:00:00,44663.42,44966.5,44565.5,44822.12,512.607
2022-04-01 07:00:00,44806.882,45142.0,44797.1,45018.33,1077.955
2022-04-01 08:00:00,45030.71,45339.0,45016.97,45158.08,855.448
2022-04-01 09:00:00,45161.49,45283.95,45009.73,45098.66,1101.476
2022-04-01 10:00:00,45092.0,45260.69,45033.545,45239.31,539.291
2022-04-01 11:00:00,45239.32,45301.49,45030.0,45082.74,726.31
2022-04-01 12:00:00,45081.52,45439.0,44706.4,45266.52,1975.797
2022-04-01 13:00:00,45257.12,45631.62,45254.26,45452.84,1716.16
2022-04-01 14:00:00,45448.31,46242.0,45433.893,46165.6,2533.737
2022-04-01 15:00:00,46150.1,46740.705,46118.64,46545.39,2933.756
2022-04-01 16:00:00,46539.0,46605.75,46039.11,46043.42,1508.635
2022-04-01 17:00:00,46045.64,46552.59,45883.0,46480.04,1574.087
2022-04-01 18:00:00,46480.04,46607.89,46256.77,46358.01,1023.886
2022-04-01 19:00:00,46358.47,46487.9,46130.0,46397.67,1233.331
2022-04-01 20:00:00,46390.41,46412.0,46096.3,46166.94,1019.341
2022-04-01 21:00:00,46172.11,46453.51,46145.61,46321.05,615.401
2022-04-01 22:00:00,46321.03,46559.6,46174.2,46373.1,742.582
2022-04-01 23:00:00,46387.21,46388.0,46125.0,46296.34,401.992
2022-04-02 00:00:00,46301.013,47240.0,46091.13,46905.89,1256.927
2022-04-02 01:00:00,46905.9,47044.44,46512.28,46761.28,646.592
2022-04-02 02:00:00,46755.65,46863.28,46256.0,46511.33,599.918
2022-04-02 03:00:00,46518.0,46618.6,46384.68,46596.0,232.4
2022-04-02 04:00:00,46616.1,46696.52,46498.0,46548.54,273.719
2022-04-02 05:00:00,46550.31,46623.49,46424.12,46565.09,251.432
2022-04-02 06:00:00,46565.09,46668.58,46476.54,46649.59,270.795
2022-04-02 07:00:00,46652.49,46669.63,46443.8,46607.24,283.033
2022-04-02 08:00:00,46607.23,46612.21,46502.0,46567.85,243.408
2022-04-02 09:00:00,46560.395,46754.0,46497.6,46693.34,378.322
2022-04-02 10:00:00,46693.34,46744.76,46555.692,46743.07,228.985
2022-04-02 11:00:00,46744.75,46772.04,46555.63,46560.0,235.543
2022-04-02 12:00:00,46553.71,46900.0,46242.25,46740.14,1033.604
2022-04-02 13:00:00,46740.13,46958.05,46650.0,46751.67,576.959
2022-04-02 14:00:00,46751.62,46821.27,46580.54,46635.54,360.859
2022-04-02 15:00:00,46637.07,46640.4,46147.23,46309.74,702.538
2022-04-02 16:00:00,46308.89,46448.13,46168.95,46327.45,553.587
2022-04-02 17:00:00,46325.89,46500.0,46270.85,46379.09,364.65
2022-04-02 18:00:00,46379.17,46415.61,45636.0,45856.43,1371.993
2022-04-02 19:00:00,45856.49,46250.0,45824.08,46139.73,515.778
2022-04-02 20:00:00,46133.55,46346.12,46033.78,46201.52,588.986
2022-04-02 21:00:00,46195.26,46332.53,45928.96,46251.82,324.883
2022-04-02 22:00:00,46251.81,46356.9,46047.9,46128.51,297.9
2022-04-02 23:00:00,46128.82,46175.8,45777.0,45826.27,481.782
2022-04-03 00:00:00,45820.0,46087.46,45780.0,46086.16,550.453
2022-04-03 01:00:00,46087.87,46087.87,45505.0,45855.63,700.873
2022-04-03 02:00:00,45855.64,45978.04,45779.06,45798.01,303.916
2022-04-03 03:00:00,45795.7,45989.48,45738.01,45964.66,332.751
2022-04-03 04:00:00,45965.11,46388.11,45941.2,46388.1,311.759
2022-04-03 05:00:00,46388.39,46401.36,46238.0,46355.0,392.121
2022-04-03 06:00:00,46378.57,46590.0,46321.42,46444.55,483.287
2022-04-03 07:00:00,46437.0,46487.98,46304.0,46386.96,251.894
2022-04-03 08:00:00,46386.96,46440.24,46235.0,46295.45,180.726
2022-04-03 09:00:00,46295.92,46466.82,46180.075,46382.6,370.961
2022-04-03 10:00:00,46378.57,46416.35,46128.0,46190.76,241.179
2022-04-03 11:00:00,46190.76,46351.68,46088.82,46267.38,254.349
2022-04-03 12:00:00,46263.87,46452.74,46197.0,46408.2,303.201
2022-04-03 13:00:00,46398.11,46683.0,46292.8,46457.56,643.663
2022-04-03 14:00:00,46451.65,46646.19,46315.0,46646.19,381.837
2022-04-03 15:00:00,46647.56,46735.04,46362.0,46427.9,470.687
2022-04-03 16:00:00,46423.51,46529.89,46208.0,46303.01,558.56
2022-04-03 17:00:00,46337.4,46431.52,46238.0,46411.46,361.48
2022-04-03 18:00:00,46419.28,46812.7,46347.0,46604.77,554.212
2022-04-03 19:00:00,46603.77,46726.18,46392.0,46423.42,657.899
2022-04-03 20:00:00,46423.1,46504.61,46360.0,46382.98,321.796
2022-04-03 21:00:00,46383.87,46980.31,46325.614,46977.23,886.855
2022-04-03 22:00:00,46970.23,47600.0,46580.1,46716.1,2490.947
2022-04-03 23:00:00,46676.0,46725.35,46238.0,46422.16,1027.392
2022-04-04 00:00:00,46424.2,46476.7,45710.765,45873.27,1326.949
2022-04-04 01:00:00,45879.4,46064.08,45769.0,45859.77,1087.331
2022-04-04 02:00:00,45855.83,46079.82,45760.32,46050.69,487.03
2022-04-04 03:00:00,46046.35,46187.38,45995.492,46021.29,255.828
2022-04-04 04:00:00,46021.29,46169.8,45821.0,46095.0,397.49
2022-04-04 05:00:00,46089.32,46260.31,46022.0,46241.46,242.912
2022-04-04 06:00:00,46239.23,46303.01,46152.0,46223.14,285.051
2022-04-04 07:00:00,46224.24,46243.51,46076.983,46192.0,429.5
2022-04-04 08:00:00,46192.96,46306.62,45875.0,46155.0,652.457
2022-04-04 09:00:00,46157.18,46165.9,45867.7,45904.52,425.407
2022-04-04 10:00:00,45904.51,46061.3,45800.0,45997.32,468.706
2022-04-04 11:00:00,45994.06,46208.31,45926.45,46164.61,463.946
2022-04-04 12:00:00,46164.56,46265.95,45910.59,46017.55,552.615
2022-04-04 13:00:00,46017.76,46254.72,45870.18,46180.0,730.329
2022-04-04 14:00:00,46179.28,46375.06,45877.297,45911.8,864.667
2022-04-04 15:00:00,45911.81,45976.09,45554.0,45647.12,1762.992
2022-04-04 16:00:00,45652.46,45824.74,45574.4,45708.79,894.614
2022-04-04 17:00:00,45708.78,45783.72,45147.69,45389.3,1341.64
2022-04-04 18:00:00,45390.62,45546.76,45111.0,45522.51,928.307
2022-04-04 19:00:00,45522.65,45964.96,45520.469,45950.72,886.427
2022-04-04 20:00:00,45950.74,46392.53,45708.0,46307.8,1328.698
2022-04-04 21:00:00,46316.71,46637.0,46176.11,46467.92,1136.118
2022-04-04 22:00:00,46467.93,46872.3,46382.16,46726.1,1066.333
2022-04-04 23:00:00,46726.1,46900.0,46525.68,46596.83,1144.157
2022-04-05 00:00:00,46617.1,46662.39,46429.0,46526.354,616.191
2022-04-05 01:00:00,46526.354,46710.0,46460.69,46648.58,310.703
2022-04-05 02:00:00,46643.0,46751.27,46549.24,46631.57,306.054
2022-04-05 03:00:00,46621.87,46785.0,46591.656,46660.33,335.06
2022-04-05 04:00:00,46660.31,46887.0,46624.25,46773.34,436.632
2022-04-05 05:00:00,46773.24,46849.0,46700.92,46710.35,221.567
2022-04-05 06:00:00,46710.73,46771.0,46555.55,46597.3,339.854
2022-04-05 07:00:00,46627.48,46748.98,46571.9,46716.58,377.638
2022-04-05 08:00:00,46716.53,46739.54,46570.35,46670.91,317.362
2022-04-05 09:00:00,46674.91,46713.29,46557.52,46567.01,307.557
2022-04-05 10:00:00,46567.0,46692.49,46520.34,46651.48,365.456
2022-04-05 11:00:00,46650.66,46748.68,46567.05,46683.75,284.102
2022-04-05 12:00:00,46683.515,47200.0,46680.01,46769.2,1678.714
2022-04-05 13:00:00,46756.0,46875.49,46272.8,46428.57,1371.668
2022-04-05 14:00:00,46428.67,46471.35,45755.55,45831.77,2352.091
2022-04-05 15:00:00,45831.78,45922.98,45691.7,45770.42,1052.069
2022-04-05 16:00:00,45771.0,46033.7,45590.003,45922.0,1281.802
2022-04-05 17:00:00,45917.8,46201.0,45898.0,45964.16,1127.239
2022-04-05 18:00:00,45962.22,45995.47,45871.03,45899.71,660.592
2022-04-05 19:00:00,45901.0,46066.0,45475.17,46031.58,1753.804
2022-04-05 20:00:00,46031.7,46119.6,45631.61,45892.62,1105.25
2022-04-05 21:00:00,45892.62,45967.56,45753.16,45957.74,533.196
2022-04-05 22:00:00,45957.74,46055.04,45778.3,45862.03,723.404
2022-04-05 23:00:00,45858.97,45893.5,45359.0,45506.5,1001.406
2022-04-06 00:00:00,45498.3,45534.3,44404.0,45021.0,855.041
2022-04-06 01:00:00,45020.0,45349.4,44963.0,45194.5,137.324
2022-04-06 02:00:00,45181.0,45361.0,45153.0,45235.6,93.881
2022-04-06 03:00:00,45228.4,45294.9,45139.964,45217.0,98.994
2022-04-06 04:00:00,45210.0,45387.0,45133.0,45351.6,108.427
2022-04-06 05:00:00,45351.6,45445.6,45301.0,45380.0,98.302
2022-04-06 06:00:00,45380.0,45490.0,45252.0,45476.0,137.978
2022-04-06 07:00:00,45479.2,45520.0,45256.0,45286.0,107.989
2022-04-06 08:00:00,45286.0,45406.0,45190.5,45371.0,132.84
2022-04-06 09:00:00,45385.0,45404.91,45231.0,45336.0,98.184
2022-04-06 10:00:00,45343.1,45456.507,44991.5,45075.0,335.889
2022-04-06 11:00:00,45075.0,45119.0,44671.009,44825.0,768.643
2022-04-06 12:00:00,44807.0,44994.4,44683.178,44769.0,385.02
2022-04-06 13:00:00,44766.484,44996.4,44122.0,44201.0,1058.408
2022-04-06 14:00:00,44201.0,44440.0,43752.1,44286.5,1110.87
2022-04-06 15:00:00,44286.5,44301.0,43709.8,44165.7,678.461
2022-04-06 16:00:00,44168.0,44270.0,43556.0,43770.5,757.841
2022-04-06 17:00:00,43798.0,43986.525,43394.6,43845.0,630.489
2022-04-06 18:00:00,43837.873,44293.506,43211.1,43847.7,1210.264
2022-04-06 19:00:00,43846.0,43972.949,43533.0,43760.9,284.72
2022-04-06 20:00:00,43764.0,44077.1,43735.0,43901.121,784.047
2022-04-06 21:00:00,43900.314,44014.0,43819.2,43865.6,67.589
2022-04-06 22:00:00,43863.397,43875.701,43505.0,43533.0,110.29
2022-04-06 23:00:00,43532.0,43629.543,43123.7,43195.912,381.283
2022-04-07 00:00:00,43179.5,43578.523,42734.69,42888.68,2935.916
2022-04-07 01:00:00,42888.65,43423.335,42866.57,43373.2,1140.61
2022-04-07 02:00:00,43373.19,43450.0,43115.36,43349.61,676.128
2022-04-07 03:00:00,43366.36,43416.0,43138.21,43286.59,841.349
2022-04-07 04:00:00,43290.13,43498.9,43200.5,43387.65,732.125
2022-04-07 05:00:00,43387.16,43463.503,43213.17,43391.3,702.216
2022-04-07 06:00:00,43402.0,43497.96,43300.98,43393.27,453.134
2022-04-07 07:00:00,43393.28,43602.3,43368.1,43445.69,569.598
2022-04-07 08:00:00,43445.68,43580.9,43415.68,43529.59,448.057
2022-04-07 09:00:00,43532.467,43539.31,43280.36,43460.4,630.83
2022-04-07 10:00:00,43463.75,43494.3,43324.6,43419.01,352.931
2022-04-07 11:00:00,43413.0,43855.99,43302.05,43764.68,1330.341
2022-04-07 12:00:00,43764.55,43920.8,43549.96,43549.96,899.128
2022-04-07 13:00:00,43549.96,43701.01,43325.06,43663.43,1215.818
2022-04-07 14:00:00,43665.0,43792.0,43350.1,43433.11,1294.871
2022-04-07 15:00:00,43414.98,43585.01,43026.43,43327.89,1478.538
2022-04-07 16:00:00,43333.0,43507.66,43271.19,43500.0,740.682
2022-04-07 17:00:00,43488.0,43713.64,43468.3,43657.03,924.08
2022-04-07 18:00:00,43657.37,43832.61,43535.04,43706.22,996.189
2022-04-07 19:00:00,43704.95,43780.43,43373.26,43397.09,963.652
2022-04-07 20:00:00,43399.25,43610.0,43376.0,43576.01,449.521
2022-04-07 21:00:00,43576.01,43611.85,43194.7,43525.49,660.786
2022-04-07 22:00:00,43529.348,43647.56,43467.98,43638.6,397.339
2022-04-07 23:00:00,43639.05,43754.47,43424.061,43424.061,392.023
2022-04-08 00:00:00,43469.8,43535.7,43306.0,43354.5,493.007
2022-04-08 01:00:00,43339.25,43677.17,43311.89,43624.01,599.213
2022-04-08 02:00:00,43624.01,43712.5,43573.6,43622.1,379.407
2022-04-08 03:00:00,43622.09,43709.11,43550.0,43617.65,326.689
2022-04-08 04:00:00,43607.68,43673.57,43499.1,43550.51,211.92
2022-04-08 05:00:00,43550.51,43692.27,43481.24,43661.53,247.664
2022-04-08 06:00:00,43661.53,43679.91,43494.28,43585.93,400.912
2022-04-08 07:00:00,43583.99,43785.98,43416.0,43768.95,660.237
2022-04-08 08:00:00,43771.23,44000.0,43665.73,43716.51,701.944
2022-04-08 09:00:00,43716.41,43791.29,43531.0,43609.35,373.685
2022-04-08 10:00:00,43596.56,43641.66,43517.613,43563.21,429.648
2022-04-08 11:00:00,43560.31,43582.66,43256.197,43311.3,743.043
2022-04-08 12:00:00,43311.41,43449.49,43100.0,43162.36,1025.995
2022-04-08 13:00:00,43163.78,43211.9,42755.59,42927.71,1904.643
2022-04-08 14:00:00,42916.0,43867.13,42892.41,43771.15,2076.622
2022-04-08 15:00:00,43768.47,43976.44,43601.0,43662.71,1719.849
2022-04-08 16:00:00,43663.78,43738.7,43414.53,43446.44,823.562
2022-04-08 17:00:00,43445.93,43477.5,42812.2,43013.77,1446.649
2022-04-08 18:00:00,43013.72,43330.2,42200.0,42958.11,5289.787
2022-04-08 19:00:00,42958.11,43205.89,42655.82,42736.32,1107.073
2022-04-08 20:00:00,42734.8,42881.78,42519.0,42804.0,576.194
2022-04-08 21:00:00,42810.62,42879.28,42450.0,42567.01,559.586
2022-04-08 22:00:00,42570.77,42674.79,42250.0,42301.7,1380.949
2022-04-08 23:00:00,42323.0,42370.73,42090.5,42262.02,1127.292
2022-04-09 00:00:00,42262.02,42465.14,42111.0,42442.2,664.81
2022-04-09 01:00:00,42444.12,42472.13,42289.99,42436.28,322.823
2022-04-09 02:00:00,42443.0,42450.71,42170.76,42187.36,306.438
2022-04-09 03:00:00,42183.64,42460.0,42118.96,42391.97,412.78
2022-04-09 04:00:00,42396.44,42562.0,42347.9,42407.6,258.834
2022-04-09 05:00:00,42409.35,42651.2,42400.0,42591.47,357.789
2022-04-09 06:00:00,42572.47,42618.8,42409.29,42439.15,168.434
2022-04-09 07:00:00,42441.25,42522.34,42352.0,42479.39,366.589
2022-04-09 08:00:00,42479.43,42519.44,42366.0,42474.36,159.91
2022-04-09 09:00:00,42471.67,42498.67,42402.4,42452.9,159.682
2022-04-09 10:00:00,42452.44,42497.55,42334.51,42489.7,353.318
2022-04-09 11:00:00,42489.7,42551.14,42433.0,42455.51,185.263
2022-04-09 12:00:00,42454.51,42536.0,42408.93,42512.57,185.243
2022-04-09 13:00:00,42516.67,42529.59,42455.56,42472.81,211.829
2022-04-09 14:00:00,42471.07,42515.65,42346.134,42473.37,315.135
2022-04-09 15:00:00,42473.38,42487.09,42191.0,42231.78,575.832
2022-04-09 16:00:00,42227.0,42534.36,42187.6,42458.45,349.135
2022-04-09 17:00:00,42453.0,42635.39,42420.77,42586.13,267.295
2022-04-09 18:00:00,42589.82,42649.47,42462.095,42481.6,272.716
2022-04-09 19:00:00,42477.436,42606.03,42462.8,42528.77,287.972
2022-04-09 20:00:00,42529.73,42661.42,42442.16,42443.26,222.808
2022-04-09 21:00:00,42445.94,42598.63,42401.0,42577.05,201.535
2022-04-09 22:00:00,42574.71,42655.0,42519.82,42559.36,251.128
2022-04-09 23:00:00,42559.36,42824.0,42500.0,42780.0,492.749
2022-04-10 00:00:00,42766.46,42801.586,42601.49,42645.19,270.388
2022-04-10 01:00:00,42645.19,42807.0,42609.85,42782.47,140.64
2022-04-10 02:00:00,42785.29,42911.0,42745.3,42843.27,234.123
2022-04-10 03:00:00,42851.061,42914.73,42784.96,42793.31,242.508
2022-04-10 04:00:00,42793.27,42811.33,42724.35,42757.08,121.824
2022-04-10 05:00:00,42757.33,42814.35,42661.7,42666.18,171.425
2022-04-10 06:00:00,42666.18,42825.4,42658.0,42798.47,156.54
2022-04-10 07:00:00,42797.24,42819.0,42589.24,42643.75,122.135
2022-04-10 08:00:00,42644.42,42737.6,42576.67,42656.63,111.588
2022-04-10 09:00:00,42657.31,42675.29,42502.58,42536.34,220.817
2022-04-10 10:00:00,42536.84,42579.0,42421.2,42540.53,194.265
2022-04-10 11:00:00,42540.53,42743.009,42503.6,42724.0,138.281
2022-04-10 12:00:00,42701.16,42880.0,42539.84,42603.92,403.61
2022-04-10 13:00:00,42604.31,42685.0,42535.49,42593.51,147.756
2022-04-10 14:00:00,42600.0,42775.0,42552.34,42709.09,334.611
2022-04-10 15:00:00,42729.0,42803.195,42650.92,42763.63,228.781
2022-04-10 16:00:00,42763.58,42838.0,42681.62,42801.48,276.644
2022-04-10 17:00:00,42802.98,44023.0,42799.9,43114.17,1605.628
2022-04-10 18:00:00,43114.11,43285.0,43085.74,43120.68,360.099
2022-04-10 19:00:00,43115.51,43307.549,43079.74,43261.12,373.633
2022-04-10 20:00:00,43262.54,43465.095,43091.2,43116.35,596.849
2022-04-10 21:00:00,43128.0,43223.0,42626.0,42712.24,746.557
2022-04-10 22:00:00,42712.25,42747.65,41805.4,42128.73,1935.135
2022-04-10 23:00:00,42147.547,42433.0,41988.63,42165.96,786.082
2022-04-11 00:00:00,42165.96,42404.0,41769.3,42311.95,1211.356
2022-04-11 01:00:00,42311.76,42437.0,42153.58,42158.73,310.819
2022-04-11 02:00:00,42158.73,42250.0,41810.33,41900.0,676.769
2022-04-11 03:00:00,41946.0,42178.0,41834.78,42120.99,474.1
2022-04-11 04:00:00,42120.99,42300.7,42090.65,42265.07,293.735
2022-04-11 05:00:00,42284.0,42326.0,42199.04,42299.96,177.63
2022-04-11 06:00:00,42299.47,42373.0,42172.8,42269.53,179.336
2022-04-11 07:00:00,42272.49,42377.0,42167.64,42315.14,299.69
2022-04-11 08:00:00,42319.76,42383.19,42091.72,42203.91,268.723
2022-04-11 09:00:00,42205.56,42235.0,41415.01,41438.56,1300.924
2022-04-11 10:00:00,41500.0,41676.0,41165.4,41614.74,1571.047
2022-04-11 11:00:00,41611.72,41618.0,40977.54,41078.45,1750.427
2022-04-11 12:00:00,41097.919,41265.0,40913.41,41148.59,1202.878
2022-04-11 13:00:00,41147.46,41215.0,40693.46,41136.71,1725.975
2022-04-11 14:00:00,41142.38,41249.0,40715.7,40799.0,1409.69
2022-04-11 15:00:00,40810.92,41015.0,40563.07,40580.32,1365.851
2022-04-11 16:00:00,40580.31,40851.0,40417.94,40759.79,1406.015
2022-04-11 17:00:00,40793.0,40926.0,40261.45,40459.62,1730.967
2022-04-11 18:00:00,40461.21,40547.0,40229.91,40505.07,1225.491
2022-04-11 19:00:00,40505.07,40630.0,39761.03,39982.27,2632.18
2022-04-11 20:00:00,39981.12,40281.0,39500.0,39833.99,2209.521
2022-04-11 21:00:00,39833.98,39930.0,39300.0,39399.1,1723.489
2022-04-11 22:00:00,39400.51,40003.388,39204.59,39769.78,1306.499
2022-04-11 23:00:00,39769.78,39863.0,39375.26,39535.87,782.446
2022-04-12 00:00:00,39535.88,39867.0,39362.14,39552.25,1106.381
2022-04-12 01:00:00,39553.27,39752.0,39405.1,39503.79,649.057
2022-04-12 02:00:00,39503.75,39580.0,39287.48,39496.55,705.173
2022-04-12 03:00:00,39492.13,39775.0,39456.9,39753.87,421.77
2022-04-12 04:00:00,39749.96,39984.5,39625.21,39928.52,454.921
2022-04-12 05:00:00,39927.62,40167.0,39872.03,40110.16,496.331
2022-04-12 06:00:00,40114.1,40194.0,39841.41,39944.88,476.566
2022-04-12 07:00:00,39944.64,40211.0,39871.78,40196.64,562.363
2022-04-12 08:00:00,40196.64,40369.0,40113.56,40217.0,548.758
2022-04-12 09:00:00,40183.93,40266.0,40042.53,40217.5,359.723
2022-04-12 10:00:00,40233.0,40301.0,40100.0,40157.96,335.827
2022-04-12 11:00:00,40157.95,40482.0,40111.67,40385.15,618.932
2022-04-12 12:00:00,40391.0,40770.0,40211.39,40627.12,2082.755
2022-04-12 13:00:00,40626.91,40649.0,40165.0,40406.0,1737.901
2022-04-12 14:00:00,40406.1,40458.0,39798.2,40006.9,1548.887
2022-04-12 15:00:00,40003.93,40400.408,39968.3,40193.43,970.546
2022-04-12 16:00:00,40193.98,40388.362,39930.0,40105.47,913.938
2022-04-12 17:00:00,40104.85,40245.0,39944.48,40023.13,835.939
2022-04-12 18:00:00,40022.76,40085.674,39636.89,39685.11,990.898
2022-04-12 19:00:00,39682.48,39730.0,39263.13,39303.48,1498.835
2022-04-12 20:00:00,39303.47,39636.0,39250.0,39530.74,742.235
2022-04-12 21:00:00,39530.79,39764.0,39483.57,39713.53,526.833
2022-04-12 22:00:00,39712.97,39948.0,39572.46,39842.67,698.199
2022-04-12 23:00:00,39842.87,40300.0,39826.94,40085.91,861.389
2022-04-13 00:00:00,40086.7,40210.0,39894.73,39945.58,509.9
2022-04-13 01:00:00,39943.57,39954.0,39550.0,39885.77,889.216
2022-04-13 02:00:00,39890.583,40203.0,39708.34,40055.79,559.023
2022-04-13 03:00:00,40055.79,40280.0,40004.55,40070.64,439.183
2022-04-13 04:00:00,40068.98,40158.0,39940.34,40139.86,413.21
2022-04-13 05:00:00,40140.36,40224.0,40051.88,40198.0,253.809
2022-04-13 06:00:00,40196.5,40241.0,39872.9,39962.5,356.637
2022-04-13 07:00:00,39966.03,40245.0,39914.12,40139.07,618.97
2022-04-13 08:00:00,40141.83,40215.352,40025.5,40162.08,414.903
2022-04-13 09:00:00,40159.91,40224.545,40030.96,40079.08,387.537
2022-04-13 10:00:00,40079.07,40155.0,39758.71,39819.35,480.323
2022-04-13 11:00:00,39822.36,40006.0,39704.79,39728.59,440.514
2022-04-13 12:00:00,39728.58,39937.0,39640.4,39710.0,648.017
2022-04-13 13:00:00,39733.377,40607.9,39636.57,40553.59,1439.911
2022-04-13 14:00:00,40538.0,41003.05,40391.55,40661.75,2307.841
2022-04-13 15:00:00,40658.15,41468.0,40653.34,41167.91,2031.762
2022-04-13 16:00:00,41172.69,41358.08,40942.06,41019.48,1417.711
2022-04-13 17:00:00,41023.67,41153.691,40814.0,41049.99,1040.625
2022-04-13 18:00:00,41049.94,41394.0,40991.8,41377.24,775.382
2022-04-13 19:00:00,41376.02,41570.88,41037.75,41075.78,1001.923
2022-04-13 20:00:00,41075.1,41371.86,41004.2,41251.05,615.432
2022-04-13 21:00:00,41248.15,41335.11,41089.93,41230.77,403.371
2022-04-13 22:00:00,41227.63,41433.2,41154.91,41284.62,513.755
2022-04-13 23:00:00,41286.62,41346.25,41080.22,41146.68,481.123
2022-04-14 00:00:00,41147.15,41290.0,41058.82,41199.9,619.353
2022-04-14 01:00:00,41193.04,41512.43,41183.0,41482.38,776.119
2022-04-14 02:00:00,41481.14,41494.31,41347.4,41422.32,519.345
2022-04-14 03:00:00,41422.33,41472.538,41278.4,41312.4,465.307
2022-04-14 04:00:00,41323.97,41431.0,41243.0,41298.77,411.655
2022-04-14 05:00:00,41298.77,41365.0,41247.6,41319.24,377.33
2022-04-14 06:00:00,41321.93,41354.9,41160.0,41210.26,359.569
2022-04-14 07:00:00,41210.84,41381.74,41160.2,41274.56,399.173
2022-04-14 08:00:00,41274.85,41341.01,41157.7,41187.1,439.229
2022-04-14 09:00:00,41178.0,41225.7,40980.8,41186.1,666.09
2022-04-14 10:00:00,41185.759,41224.22,40945.33,40952.66,510.867
2022-04-14 11:00:00,40952.66,41086.539,40842.28,40920.88,792.856
2022-04-14 12:00:00,40922.0,41202.15,40614.78,41152.84,1011.739
2022-04-14 13:00:00,41152.85,41332.0,40511.63,40613.52,2496.904
2022-04-14 14:00:00,40611.19,40669.84,40310.51,40442.88,1917.77
2022-04-14 15:00:00,40435.25,40500.0,39927.2,39971.31,2299.72
2022-04-14 16:00:00,39971.32,40067.57,39748.9,39964.0,1837.624
2022-04-14 17:00:00,39946.85,40059.19,39836.0,39985.14,803.685
2022-04-14 18:00:00,39986.87,40077.0,39612.83,39658.84,1030.258
2022-04-14 19:00:00,39657.33,39873.41,39573.8,39783.5,850.659
2022-04-14 20:00:00,39782.41,39924.0,39655.0,39919.01,851.963
2022-04-14 21:00:00,39917.7,40011.29,39866.64,39976.4,523.104
2022-04-14 22:00:00,39979.35,40033.01,39811.0,39851.53,456.147
2022-04-14 23:00:00,39839.0,39964.22,39827.76,39955.14,282.636
2022-04-15 00:00:00,39953.62,40190.955,39755.9,39860.54,810.687
