2022-04-01 00:00:00,45525.25,45662.62,45425.41,45618.74,413.072
2022-04-01 00:30:00,45621.24,45661.75,45364.92,45552.88,601.733
2022-04-01 01:00:00,45549.49,45555.0,45137.0,45156.0,1235.035
2022-04-01 01:30:00,45154.76,45263.12,44877.04,44954.34,1734.277
2022-04-01 02:00:00,44947.73,45066.5,44549.96,44658.89,1608.916
2022-04-01 02:30:00,44658.9,44784.4,44232.86,44392.9,1790.569
2022-04-01 03:00:00,44401.0,44523.04,44291.51,44426.92,748.747
2022-04-01 03:30:00,44427.74,44642.42,44421.58,44614.99,596.411
2022-04-01 04:00:00,44606.6,44748.13,44554.06,44686.63,496.392
2022-04-01 04:30:00,44687.32,44897.95,44640.77,44669.19,455.339
2022-04-01 05:00:00,44660.9,44788.01,44610.5,44742.09,312.913
2022-04-01 05:30:00,44743.16,44804.44,44588.0,44674.0,359.113
2022-04-01 06:00:00,44663.42,44821.39,44565.5,44799.36,213.655
2022-04-01 06:30:00,44799.36,44966.5,44748.51,44822.12,298.952
2022-04-01 07:00:00,44806.882,44990.77,44797.1,44931.61,447.533
2022-04-01 07:30:00,44931.55,45142.0,44859.0,45018.33,630.422
2022-04-01 08:00:00,45030.71,45333.0,45016.97,45332.0,469.68
2022-04-01 08:30:00,45333.89,45339.0,45092.3,45158.08,385.768
2022-04-01 09:00:00,45161.49,45277.41,45085.24,45251.3,544.398
2022-04-01 09:30:00,45237.5,45283.95,45009.73,45098.66,557.078
2022-04-01 10:00:00,45092.0,45193.15,45033.545,45143.07,339.227
2022-04-01 10:30:00,45144.27,45260.69,45068.8,45239.31,200.064
2022-04-01 11:00:00,45239.32,45294.33,45150.26,45270.78,247.519
2022-04-01 11:30:00,45272.33,45301.49,45030.0,45082.74,478.791
2022-04-01 12:00:00,45081.52,45178.58,44706.4,44871.82,834.065
2022-04-01 12:30:00,44876.45,45439.0,44788.6,45266.52,1141.732
2022-04-01 13:00:00,45257.12,45534.73,45254.26,45412.0,678.366
2022-04-01 13:30:00,45425.93,45631.62,45309.2,45452.84,1037.794
2022-04-01 14:00:00,45448.31,45758.52,45433.893,45651.45,1124.197
2022-04-01 14:30:00,45649.43,46242.0,45599.9,46165.6,1409.54
2022-04-01 15:00:00,46150.1,46740.705,46118.64,46538.98,2167.8
2022-04-01 15:30:00,46538.99,46662.84,46341.895,46545.39,765.956
2022-04-01 16:00:00,46539.0,46605.75,46392.0,46526.04,638.62
2022-04-01 16:30:00,46518.88,46527.26,46039.11,46043.42,870.015
2022-04-01 17:00:00,46045.64,46368.93,45883.0,46305.42,975.834
2022-04-01 17:30:00,46303.74,46552.59,46214.72,46480.04,598.253
2022-04-01 18:00:00,46480.04,46607.89,46279.78,46390.64,693.59
2022-04-01 18:30:00,46383.23,46427.81,46256.77,46358.01,330.296
2022-04-01 19:00:00,46358.47,46425.3,46151.1,46207.01,431.832
2022-04-01 19:30:00,46202.72,46487.9,46130.0,46397.67,801.499
2022-04-01 20:00:00,46390.41,46412.0,46273.3,46350.0,580.23
2022-04-01 20:30:00,46350.0,46402.02,46096.3,46166.94,439.111
2022-04-01 21:00:00,46172.11,46453.51,46145.61,46436.17,380.544
2022-04-01 21:30:00,46436.16,46449.37,46216.5,46321.05,234.857
2022-04-01 22:00:00,46321.03,46559.6,46249.5,46336.0,444.593
2022-04-01 22:30:00,46332.82,46412.41,46174.2,46373.1,297.989
2022-04-01 23:00:00,46387.21,46388.0,46140.79,46200.4,221.255
2022-04-01 23:30:00,46193.72,46312.0,46125.0,46296.34,180.737
2022-04-02 00:00:00,46301.013,46312.0,46091.13,46251.38,220.982
2022-04-02 00:30:00,46253.92,47240.0,46232.57,46905.89,1035.945
2022-04-02 01:00:00,46905.9,47044.44,46576.0,46642.0,396.277
2022-04-02 01:30:00,46630.37,46799.759,46512.28,46761.28,250.315
2022-04-02 02:00:00,46755.65,46863.28,46695.7,46737.79,185.935
2022-04-02 02:30:00,46737.77,46784.0,46256.0,46511.33,413.983
2022-04-02 03:00:00,46518.0,46571.26,46384.68,46447.05,112.32
2022-04-02 03:30:00,46443.38,46618.6,46423.8,46596.0,120.08
2022-04-02 04:00:00,46616.1,46696.52,46498.0,46515.27,148.445
2022-04-02 04:30:00,46518.95,46630.51,46510.4,46548.54,125.274
2022-04-02 05:00:00,46550.31,46623.49,46486.371,46580.22,144.687
2022-04-02 05:30:00,46583.96,46599.9,46424.12,46565.09,106.745
2022-04-02 06:00:00,46565.09,46596.15,46490.43,46491.89,130.49
2022-04-02 06:30:00,46491.9,46668.58,46476.54,46649.59,140.305
2022-04-02 07:00:00,46652.49,46669.63,46446.47,46446.47,145.443
2022-04-02 07:30:00,46446.48,46617.36,46443.8,46607.24,137.59
2022-04-02 08:00:00,46607.23,46612.01,46524.0,46538.02,119.907
2022-04-02 08:30:00,46538.01,46612.21,46502.0,46567.85,123.501
2022-04-02 09:00:00,46560.395,46616.0,46528.0,46605.32,133.788
2022-04-02 09:30:00,46604.27,46754.0,46497.6,46693.34,244.534
2022-04-02 10:00:00,46693.34,46713.57,46568.53,46580.22,118.167
2022-04-02 10:30:00,46580.22,46744.76,46555.692,46743.07,110.818
2022-04-02 11:00:00,46744.75,46772.04,46596.85,46637.38,129.788
2022-04-02 11:30:00,46618.3,46686.07,46555.63,46560.0,105.755
2022-04-02 12:00:00,46553.71,46825.0,46242.25,46750.65,664.123
2022-04-02 12:30:00,46751.08,46900.0,46686.0,46740.14,369.481
2022-04-02 13:00:00,46740.13,46957.58,46650.0,46878.07,321.104
2022-04-02 13:30:00,46875.13,46958.05,46720.79,46751.67,255.855
2022-04-02 14:00:00,46751.62,46821.27,46659.0,46719.3,197.178
2022-04-02 14:30:00,46724.12,46725.83,46580.54,46635.54,163.681
2022-04-02 15:00:00,46637.07,46640.4,46287.8,46483.09,359.204
2022-04-02 15:30:00,46488.58,46520.37,46147.23,46309.74,343.334
2022-04-02 16:00:00,46308.89,46401.88,46168.95,46368.39,365.521
2022-04-02 16:30:00,46368.64,46448.13,46254.33,46327.45,188.066
2022-04-02 17:00:00,46325.89,46404.81,46270.85,46394.41,206.117
2022-04-02 17:30:00,46382.0,46500.0,46362.56,46379.09,158.533
2022-04-02 18:00:00,46379.17,46415.61,45636.0,45914.2,1009.083
2022-04-02 18:30:00,45879.04,46001.0,45736.76,45856.43,362.91
2022-04-02 19:00:00,45856.49,46157.0,45824.08,46087.97,300.906
2022-04-02 19:30:00,46087.96,46250.0,46078.93,46139.73,214.872
2022-04-02 20:00:00,46133.55,46346.12,46033.78,46305.53,381.376
2022-04-02 20:30:00,46304.5,46317.25,46155.0,46201.52,207.61
2022-04-02 21:00:00,46195.26,46237.61,45928.96,45936.1,186.239
2022-04-02 21:30:00,45933.48,46332.53,45931.238,46251.82,138.644
2022-04-02 22:00:00,46251.81,46356.9,46118.0,46132.68,132.679
2022-04-02 22:30:00,46132.68,46223.02,46047.9,46128.51,165.221
2022-04-02 23:00:00,46128.82,46175.8,46008.0,46089.23,123.052
2022-04-02 23:30:00,46089.2,46094.85,45777.0,45826.27,358.73
2022-04-03 00:00:00,45820.0,46067.04,45780.0,45934.78,407.018
2022-04-03 00:30:00,45936.0,46087.46,45858.6,46086.16,143.435
2022-04-03 01:00:00,46087.87,46087.87,45505.0,45626.85,397.602
2022-04-03 01:30:00,45626.84,45897.49,45563.77,45855.63,303.271
2022-04-03 02:00:00,45855.64,45954.74,45808.78,45903.04,139.069
2022-04-03 02:30:00,45904.73,45978.04,45779.06,45798.01,164.847
2022-04-03 03:00:00,45795.7,45960.464,45738.01,45933.39,239.585
2022-04-03 03:30:00,45932.75,45989.48,45886.02,45964.66,93.166
2022-04-03 04:00:00,45965.11,46195.0,45941.2,46150.0,180.097
2022-04-03 04:30:00,46165.9,46388.11,46114.87,46388.1,131.662
2022-04-03 05:00:00,46388.39,46401.36,46238.0,46295.9,206.013
2022-04-03 05:30:00,46295.89,46378.57,46279.0,46355.0,186.108
2022-04-03 06:00:00,46378.57,46590.0,46321.42,46389.99,352.663
2022-04-03 06:30:00,46385.2,46478.88,46345.318,46444.55,130.624
2022-04-03 07:00:00,46437.0,46487.98,46305.0,46317.77,132.461
2022-04-03 07:30:00,46315.19,46477.16,46304.0,46386.96,119.433
2022-04-03 08:00:00,46386.96,46440.24,46312.0,46352.05,85.963
2022-04-03 08:30:00,46344.07,46373.19,46235.0,46295.45,94.763
2022-04-03 09:00:00,46295.92,46380.3,46180.075,46374.48,185.849
2022-04-03 09:30:00,46369.72,46466.82,46307.386,46382.6,185.112
2022-04-03 10:00:00,46378.57,46416.35,46205.0,46233.59,97.928
2022-04-03 10:30:00,46232.83,46267.3,46128.0,46190.76,143.251
2022-04-03 11:00:00,46190.76,46234.35,46088.82,46230.83,157.936
2022-04-03 11:30:00,46227.51,46351.68,46186.0,46267.38,96.413
2022-04-03 12:00:00,46263.87,46383.53,46197.0,46332.93,145.195
2022-04-03 12:30:00,46333.57,46452.74,46322.0,46408.2,158.006
2022-04-03 13:00:00,46398.11,46683.0,46292.8,46594.14,314.656
2022-04-03 13:30:00,46586.47,46618.15,46385.0,46457.56,329.007
2022-04-03 14:00:00,46451.65,46486.4,46360.1,46387.91,151.011
2022-04-03 14:30:00,46387.92,46646.19,46315.0,46646.19,230.826
2022-04-03 15:00:00,46647.56,46735.04,46484.0,46512.14,318.86
2022-04-03 15:30:00,46512.14,46525.3,46362.0,46427.9,151.827
2022-04-03 16:00:00,46423.51,46529.89,46209.0,46327.84,319.687
2022-04-03 16:30:00,46327.85,46364.3,46208.0,46303.01,238.873
2022-04-03 17:00:00,46337.4,46374.65,46238.0,46256.04,169.556
2022-04-03 17:30:00,46256.03,46431.52,46256.03,46411.46,191.924
2022-04-03 18:00:00,46419.28,46463.1,46373.0,46415.18,151.72
2022-04-03 18:30:00,46415.2,46812.7,46347.0,46604.77,402.492
2022-04-03 19:00:00,46603.77,46726.18,46445.0,46489.99,347.169
2022-04-03 19:30:00,46489.43,46557.02,46392.0,46423.42,310.73
2022-04-03 20:00:00,46423.1,46483.22,46369.0,46483.2,162.947
2022-04-03 20:30:00,46483.21,46504.61,46360.0,46382.98,158.849
2022-04-03 21:00:00,46383.87,46759.03,46325.614,46714.22,324.012
2022-04-03 21:30:00,46714.22,46980.31,46535.0,46977.23,562.843
2022-04-03 22:00:00,46970.23,47600.0,46727.943,47300.0,1418.254
2022-04-03 22:30:00,47293.85,47407.0,46580.1,46716.1,1072.693
2022-04-03 23:00:00,46676.0,46725.35,46390.0,46524.3,635.431
2022-04-03 23:30:00,46495.0,46561.65,46238.0,46422.16,391.961
2022-04-04 00:00:00,46424.2,46476.7,45710.765,45966.0,962.993
2022-04-04 00:30:00,45994.13,46119.09,45810.0,45873.27,363.956
2022-04-04 01:00:00,45879.4,46064.08,45796.0,45875.98,452.216
2022-04-04 01:30:00,45872.52,45955.19,45769.0,45859.77,635.115
2022-04-04 02:00:00,45855.83,45979.69,45760.32,45944.5,257.481
2022-04-04 02:30:00,45941.98,46079.82,45879.0,46050.69,229.549
2022-04-04 03:00:00,46046.35,46170.0,45995.492,46143.0,137.635
2022-04-04 03:30:00,46156.85,46187.38,46004.0,46021.29,118.193
2022-04-04 04:00:00,46021.29,46139.11,45821.0,46120.02,273.141
2022-04-04 04:30:00,46120.01,46169.8,46051.0,46095.0,124.349
2022-04-04 05:00:00,46089.32,46236.57,46022.0,46174.33,145.282
2022-04-04 05:30:00,46175.18,46260.31,46154.0,46241.46,97.63
2022-04-04 06:00:00,46239.23,46280.32,46152.0,46229.93,105.688
2022-04-04 06:30:00,46209.0,46303.01,46180.421,46223.14,179.363
2022-04-04 07:00:00,46224.24,46243.51,46076.983,46166.27,232.664
2022-04-04 07:30:00,46170.72,46239.04,46088.0,46192.0,196.836
2022-04-04 08:00:00,46192.96,46204.71,46073.0,46175.93,138.606
2022-04-04 08:30:00,46178.4,46306.62,45875.0,46155.0,513.851
2022-04-04 09:00:00,46157.18,46165.9,45903.812,46064.75,266.825
2022-04-04 09:30:00,46066.54,46116.71,45867.7,45904.52,158.582
2022-04-04 10:00:00,45904.51,46031.9,45832.0,45948.73,217.079
2022-04-04 10:30:00,45948.97,46061.3,45800.0,45997.32,251.627
2022-04-04 11:00:00,45994.06,46208.31,45926.45,46177.99,296.608
2022-04-04 11:30:00,46177.86,46205.77,46074.0,46164.61,167.338
2022-04-04 12:00:00,46164.56,46265.95,46100.0,46206.24,246.296
2022-04-04 12:30:00,46175.179,46207.66,45910.59,46017.55,306.319
2022-04-04 13:00:00,46017.76,46092.8,45962.0,45997.6,198.524
2022-04-04 13:30:00,45994.06,46254.72,45870.18,46180.0,531.805
2022-04-04 14:00:00,46179.28,46375.06,46081.0,46135.54,475.228
2022-04-04 14:30:00,46135.64,46164.94,45877.297,45911.8,389.439
2022-04-04 15:00:00,45911.81,45976.09,45554.0,45677.781,1298.298
2022-04-04 15:30:00,45690.68,45845.5,45602.0,45647.12,464.694
2022-04-04 16:00:00,45652.46,45824.74,45574.4,45749.35,453.741
2022-04-04 16:30:00,45749.36,45809.87,45645.63,45708.79,440.873
2022-04-04 17:00:00,45708.78,45783.72,45667.063,45736.7,264.329
2022-04-04 17:30:00,45737.04,45750.56,45147.69,45389.3,1077.311
2022-04-04 18:00:00,45390.62,45401.59,45111.0,45271.07,516.517
2022-04-04 18:30:00,45274.58,45546.76,45225.574,45522.51,411.79
2022-04-04 19:00:00,45522.65,45772.57,45520.469,45758.5,357.698
2022-04-04 19:30:00,45757.63,45964.96,45729.0,45950.72,528.729
2022-04-04 20:00:00,45950.74,46322.5,45708.0,46206.2,900.075
2022-04-04 20:30:00,46214.76,46392.53,46111.51,46307.8,428.623
2022-04-04 21:00:00,46316.71,46637.0,46176.11,46565.0,714.567
2022-04-04 21:30:00,46539.53,46616.0,46375.01,46467.92,421.551
2022-04-04 22:00:00,46467.93,46525.72,46382.16,46420.59,242.577
2022-04-04 22:30:00,46420.58,46872.3,46415.46,46726.1,823.756
2022-04-04 23:00:00,46726.1,46892.0,46629.01,46810.5,406.318
2022-04-04 23:30:00,46809.15,46900.0,46525.68,46596.83,737.839
2022-04-05 00:00:00,46617.1,46662.39,46508.59,46577.18,314.807
2022-04-05 00:30:00,46586.0,46599.6,46429.0,46526.354,301.384
2022-04-05 01:00:00,46526.354,46571.48,46460.69,46525.0,125.639
2022-04-05 01:30:00,46538.192,46710.0,46524.9,46648.58,185.064
2022-04-05 02:00:00,46643.0,46751.27,46582.28,46604.93,165.673
2022-04-05 02:30:00,46600.685,46659.22,46549.24,46631.57,140.381
2022-04-05 03:00:00,46621.87,46785.0,46591.656,46657.31,204.568
2022-04-05 03:30:00,46657.31,46725.52,46600.0,46660.33,130.492
2022-04-05 04:00:00,46660.31,46773.47,46624.25,46702.31,183.222
2022-04-05 04:30:00,46702.31,46887.0,46698.73,46773.34,253.41
2022-04-05 05:00:00,46773.24,46849.0,46716.91,46778.44,108.397
2022-04-05 05:30:00,46778.44,46806.0,46700.92,46710.35,113.17
2022-04-05 06:00:00,46710.73,46771.0,46665.95,46669.25,151.742
2022-04-05 06:30:00,46669.25,46687.85,46555.55,46597.3,188.112
2022-04-05 07:00:00,46627.48,46683.87,46571.9,46672.13,221.983
2022-04-05 07:30:00,46672.13,46748.98,46655.0,46716.58,155.655
2022-04-05 08:00:00,46716.53,46739.54,46597.55,46620.68,163.94
2022-04-05 08:30:00,46616.33,46685.16,46570.35,46670.91,153.422
2022-04-05 09:00:00,46674.91,46694.49,46617.0,46688.45,103.094
2022-04-05 09:30:00,46684.65,46713.29,46557.52,46567.01,204.463
2022-04-05 10:00:00,46567.0,46691.76,46520.34,46615.41,230.658
2022-04-05 10:30:00,46615.4,46692.49,46595.214,46651.48,134.798
2022-04-05 11:00:00,46650.66,46748.68,46567.05,46617.77,156.028
2022-04-05 11:30:00,46617.77,46712.77,46580.89,46683.75,128.074
2022-04-05 12:00:00,46683.515,47200.0,46680.01,47148.5,1039.935
2022-04-05 12:30:00,47131.0,47196.83,46756.0,46769.2,638.779
2022-04-05 13:00:00,46756.0,46875.49,46272.8,46412.0,721.274
2022-04-05 13:30:00,46413.3,46605.96,46321.9,46428.57,650.394
2022-04-05 14:00:00,46428.67,46471.35,45861.78,45943.96,1444.792
2022-04-05 14:30:00,45943.96,45993.89,45755.55,45831.77,907.299
2022-04-05 15:00:00,45831.78,45922.98,45691.7,45767.82,629.994
2022-04-05 15:30:00,45764.51,45839.98,45705.02,45770.42,422.075
2022-04-05 16:00:00,45771.0,46033.7,45590.003,45867.5,794.21
2022-04-05 16:30:00,45870.57,45934.97,45734.71,45922.0,487.592
2022-04-05 17:00:00,45917.8,46056.57,45898.0,46024.39,497.028
2022-04-05 17:30:00,46019.56,46201.0,45900.0,45964.16,630.211
2022-04-05 18:00:00,45962.22,45995.47,45871.03,45964.4,326.912
2022-04-05 18:30:00,45964.42,45992.7,45875.34,45899.71,333.68
2022-04-05 19:00:00,45901.0,46063.07,45475.17,45989.25,1312.151
2022-04-05 19:30:00,46005.1,46066.0,45900.74,46031.58,441.653
2022-04-05 20:00:00,46031.7,46119.6,45841.0,45866.07,608.106
2022-04-05 20:30:00,45867.55,45900.1,45631.61,45892.62,497.144
2022-04-05 21:00:00,45892.62,45946.47,45753.16,45862.13,352.755
2022-04-05 21:30:00,45862.14,45967.56,45810.42,45957.74,180.441
2022-04-05 22:00:00,45957.74,45987.6,45850.01,45873.92,252.499
2022-04-05 22:30:00,45869.89,46055.04,45778.3,45862.03,470.905
2022-04-05 23:00:00,45858.97,45893.5,45717.22,45743.7,278.866
2022-04-05 23:30:00,45741.73,45892.84,45359.0,45506.5,722.54
2022-04-06 00:00:00,45498.3,45534.3,44404.0,44947.0,731.197
2022-04-06 00:30:00,44970.1,45120.6,44768.0,45021.0,123.844
2022-04-06 01:00:00,45020.0,45349.4,44963.0,45242.0,111.261
2022-04-06 01:30:00,45247.2,45247.2,45134.0,45194.5,26.063
2022-04-06 02:00:00,45181.0,45361.0,45153.0,45335.1,38.482
2022-04-06 02:30:00,45294.0,45350.0,45215.0,45235.6,55.399
2022-04-06 03:00:00,45228.4,45280.0,45139.964,45225.0,78.602
2022-04-06 03:30:00,45225.119,45294.9,45169.521,45217.0,20.392
2022-04-06 04:00:00,45210.0,45365.0,45133.0,45289.0,60.532
2022-04-06 04:30:00,45285.0,45387.0,45240.0,45351.6,47.895
2022-04-06 05:00:00,45351.6,45445.6,45310.0,45328.271,49.003
2022-04-06 05:30:00,45353.0,45413.6,45301.0,45380.0,49.299
2022-04-06 06:00:00,45380.0,45398.5,45252.0,45387.0,55.332
2022-04-06 06:30:00,45364.0,45490.0,45351.0,45476.0,82.646
2022-04-06 07:00:00,45479.2,45520.0,45424.0,45457.071,51.594
2022-04-06 07:30:00,45464.3,45464.8,45256.0,45286.0,56.395
2022-04-06 08:00:00,45286.0,45335.0,45190.5,45258.3,79.096
2022-04-06 08:30:00,45270.2,45406.0,45260.392,45371.0,53.744
2022-04-06 09:00:00,45385.0,45404.91,45258.7,45261.0,66.039
2022-04-06 09:30:00,45265.0,45347.2,45231.0,45336.0,32.145
2022-04-06 10:00:00,45343.1,45456.507,44991.5,45438.0,236.197
2022-04-06 10:30:00,45450.1,45450.1,45058.0,45075.0,99.692
2022-04-06 11:00:00,45075.0,45119.0,44671.009,44712.0,382.072
2022-04-06 11:30:00,44724.513,45055.6,44702.0,44825.0,386.571
2022-04-06 12:00:00,44807.0,44994.4,44683.178,44905.3,339.24
2022-04-06 12:30:00,44891.983,44907.6,44766.0,44769.0,45.78
2022-04-06 13:00:00,44766.484,44996.4,44733.0,44911.0,148.449
2022-04-06 13:30:00,44943.5,44974.0,44122.0,44201.0,909.959
2022-04-06 14:00:00,44201.0,44274.3,43752.1,44148.0,885.996
2022-04-06 14:30:00,44166.0,44440.0,44135.1,44286.5,224.874
2022-04-06 15:00:00,44286.5,44301.0,43848.6,43898.0,409.664
2022-04-06 15:30:00,43900.1,44266.0,43709.8,44165.7,268.797
2022-04-06 16:00:00,44168.0,44270.0,43836.3,43846.1,173.08
2022-04-06 16:30:00,43845.3,43911.0,43556.0,43770.5,584.761
2022-04-06 17:00:00,43798.0,43798.0,43394.6,43731.0,509.892
2022-04-06 17:30:00,43732.0,43986.525,43655.0,43845.0,120.597
2022-04-06 18:00:00,43837.873,44293.506,43211.1,43435.2,908.318
2022-04-06 18:30:00,43444.0,43964.062,43402.2,43847.7,301.946
2022-04-06 19:00:00,43846.0,43972.949,43612.0,43678.0,215.621
2022-04-06 19:30:00,43680.0,43861.0,43533.0,43760.9,69.099
2022-04-06 20:00:00,43764.0,44070.2,43735.0,44070.2,635.06
2022-04-06 20:30:00,43956.029,44077.1,43805.932,43901.121,148.987
2022-04-06 21:00:00,43900.314,44012.0,43843.726,43978.5,41.236
2022-04-06 21:30:00,43998.0,44014.0,43819.2,43865.6,26.353
2022-04-06 22:00:00,43863.397,43875.701,43681.7,43727.8,43.038
2022-04-06 22:30:00,43747.0,43769.999,43505.0,43533.0,67.252
2022-04-06 23:00:00,43532.0,43629.543,43290.9,43486.8,112.058
2022-04-06 23:30:00,43496.0,43523.0,43123.7,43195.912,269.225
2022-04-07 00:00:00,43179.5,43532.99,43099.0,43461.8,964.746
2022-04-07 00:30:00,43461.7,43578.523,42734.69,42888.68,1971.17
2022-04-07 01:00:00,42888.65,43255.0,42866.57,43188.65,800.504
2022-04-07 01:30:00,43187.61,43423.335,43120.34,43373.2,340.106
2022-04-07 02:00:00,43373.19,43450.0,43121.84,43146.26,354.381
2022-04-07 02:30:00,43146.25,43410.153,43115.36,43349.61,321.747
2022-04-07 03:00:00,43366.36,43416.0,43182.01,43182.02,364.629
2022-04-07 03:30:00,43182.02,43398.216,43138.21,43286.59,476.72
2022-04-07 04:00:00,43290.13,43361.0,43200.5,43346.96,403.09
2022-04-07 04:30:00,43346.96,43498.9,43255.01,43387.65,329.035
2022-04-07 05:00:00,43387.16,43463.503,43267.53,43299.88,396.476
2022-04-07 05:30:00,43298.65,43419.462,43213.17,43391.3,305.74
2022-04-07 06:00:00,43402.0,43454.0,43300.98,43418.7,231.532
2022-04-07 06:30:00,43418.7,43497.96,43381.2,43393.27,221.602
2022-04-07 07:00:00,43393.28,43537.3,43368.1,43482.67,260.321
2022-04-07 07:30:00,43492.2,43602.3,43443.59,43445.69,309.277
2022-04-07 08:00:00,43445.68,43580.9,43415.68,43532.45,231.882
2022-04-07 08:30:00,43520.0,43560.0,43438.18,43529.59,216.175
2022-04-07 09:00:00,43532.467,43539.31,43280.36,43337.81,340.349
2022-04-07 09:30:00,43337.77,43506.36,43328.9,43460.4,290.481
2022-04-07 10:00:00,43463.75,43494.3,43384.5,43412.15,233.546
2022-04-07 10:30:00,43409.9,43463.67,43324.6,43419.01,119.385
2022-04-07 11:00:00,43413.0,43729.64,43302.05,43560.53,664.028
2022-04-07 11:30:00,43560.39,43855.99,43541.45,43764.68,666.313
2022-04-07 12:00:00,43764.55,43920.8,43737.81,43800.82,451.347
2022-04-07 12:30:00,43803.962,43814.45,43549.96,43549.96,447.781
2022-04-07 13:00:00,43549.96,43624.0,43347.2,43389.4,635.969
2022-04-07 13:30:00,43389.45,43701.01,43325.06,43663.43,579.849
2022-04-07 14:00:00,43665.0,43792.0,43474.35,43506.34,509.843
2022-04-07 14:30:00,43506.34,43609.408,43350.1,43433.11,785.028
2022-04-07 15:00:00,43414.98,43585.01,43119.76,43173.0,894.726
2022-04-07 15:30:00,43159.91,43367.28,43026.43,43327.89,583.812
2022-04-07 16:00:00,43333.0,43507.66,43304.01,43398.35,343.508
2022-04-07 16:30:00,43394.45,43507.0,43271.19,43500.0,397.174
2022-04-07 17:00:00,43488.0,43713.64,43468.3,43658.87,478.059
2022-04-07 17:30:00,43658.88,43707.58,43514.56,43657.03,446.021
2022-04-07 18:00:00,43657.37,43832.61,43630.42,43681.28,465.803
2022-04-07 18:30:00,43680.16,43740.4,43535.04,43706.22,530.386
2022-04-07 19:00:00,43704.95,43780.43,43488.4,43508.86,457.707
2022-04-07 19:30:00,43508.78,43557.7,43373.26,43397.09,505.945
2022-04-07 20:00:00,43399.25,43488.4,43376.0,43469.62,236.322
2022-04-07 20:30:00,43469.61,43610.0,43451.377,43576.01,213.199
2022-04-07 21:00:00,43576.01,43611.85,43194.7,43311.58,441.552
2022-04-07 21:30:00,43311.27,43582.14,43299.3,43525.49,219.234
2022-04-07 22:00:00,43529.348,43602.39,43467.98,43553.9,255.398
2022-04-07 22:30:00,43541.67,43647.56,43507.84,43638.6,141.941
2022-04-07 23:00:00,43639.05,43754.47,43573.4,43608.02,200.562
2022-04-07 23:30:00,43609.29,43661.8,43424.061,43424.061,191.461
2022-04-08 00:00:00,43469.8,43535.7,43321.98,43389.67,208.15
2022-04-08 00:30:00,43390.95,43463.5,43306.0,43354.5,284.857
2022-04-08 01:00:00,43339.25,43613.08,43311.89,43551.75,341.468
2022-04-08 01:30:00,43551.74,43677.17,43513.81,43624.01,257.745
2022-04-08 02:00:00,43624.01,43678.54,43573.6,43610.01,188.602
2022-04-08 02:30:00,43610.02,43712.5,43579.0,43622.1,190.805
2022-04-08 03:00:00,43622.09,43709.11,43596.343,43656.48,137.402
2022-04-08 03:30:00,43656.97,43678.0,43550.0,43617.65,189.287
2022-04-08 04:00:00,43607.68,43673.57,43565.0,43602.49,109.0
2022-04-08 04:30:00,43601.91,43624.9,43499.1,43550.51,102.92
2022-04-08 05:00:00,43550.51,43616.15,43481.24,43607.98,119.566
2022-04-08 05:30:00,43607.53,43692.27,43572.67,43661.53,128.098
2022-04-08 06:00:00,43661.53,43679.91,43537.3,43568.18,180.744
2022-04-08 06:30:00,43562.0,43627.64,43494.28,43585.93,220.168
2022-04-08 07:00:00,43583.99,43664.3,43439.518,43441.224,307.123
2022-04-08 07:30:00,43442.88,43785.98,43416.0,43768.95,353.114
2022-04-08 08:00:00,43771.23,43910.31,43697.0,43816.69,367.78
2022-04-08 08:30:00,43813.4,44000.0,43665.73,43716.51,334.164
2022-04-08 09:00:00,43716.41,43791.29,43677.816,43702.0,179.52
2022-04-08 09:30:00,43747.93,43774.79,43531.0,43609.35,194.165
2022-04-08 10:00:00,43596.56,43641.66,43517.613,43545.35,209.428
2022-04-08 10:30:00,43545.34,43623.66,43536.24,43563.21,220.22
2022-04-08 11:00:00,43560.31,43582.66,43341.98,43388.63,453.733
2022-04-08 11:30:00,43391.37,43426.48,43256.197,43311.3,289.31
2022-04-08 12:00:00,43311.41,43449.49,43279.0,43384.65,324.602
2022-04-08 12:30:00,43383.43,43421.58,43100.0,43162.36,701.393
2022-04-08 13:00:00,43163.78,43211.9,42804.4,42891.57,890.725
2022-04-08 13:30:00,42894.1,43001.43,42755.59,42927.71,1013.918
2022-04-08 14:00:00,42916.0,43586.39,42892.41,43552.41,1037.523
2022-04-08 14:30:00,43557.4,43867.13,43298.5,43771.15,1039.099
2022-04-08 15:00:00,43768.47,43976.44,43721.7,43865.73,1089.241
2022-04-08 15:30:00,43865.84,43960.0,43601.0,43662.71,630.608
2022-04-08 16:00:00,43663.78,43738.7,43550.01,43666.36,492.295
2022-04-08 16:30:00,43666.38,43697.1,43414.53,43446.44,331.267
2022-04-08 17:00:00,43445.93,43477.5,42867.47,42871.57,954.616
2022-04-08 17:30:00,42870.13,43058.0,42812.2,43013.77,492.033
2022-04-08 18:00:00,43013.72,43080.91,42200.0,42650.0,4355.346
2022-04-08 18:30:00,42699.67,43330.2,42598.0,42958.11,934.441
2022-04-08 19:00:00,42958.11,43205.89,42897.0,43085.61,399.005
2022-04-08 19:30:00,43085.57,43137.99,42655.82,42736.32,708.068
2022-04-08 20:00:00,42734.8,42881.78,42519.0,42668.79,322.724
2022-04-08 20:30:00,42663.17,42859.46,42610.752,42804.0,253.47
2022-04-08 21:00:00,42810.62,42879.28,42720.0,42771.53,222.739
2022-04-08 21:30:00,42771.53,42792.77,42450.0,42567.01,336.847
2022-04-08 22:00:00,42570.77,42674.79,42250.0,42308.198,997.023
2022-04-08 22:30:00,42289.28,42470.52,42257.94,42301.7,383.926
2022-04-08 23:00:00,42323.0,42370.73,42090.5,42163.6,719.008
2022-04-08 23:30:00,42160.06,42346.27,42116.0,42262.02,408.284
2022-04-09 00:00:00,42262.02,42400.01,42111.0,42342.63,408.027
2022-04-09 00:30:00,42341.48,42465.14,42254.86,42442.2,256.783
2022-04-09 01:00:00,42444.12,42472.13,42333.87,42365.49,211.668
2022-04-09 01:30:00,42365.53,42443.0,42289.99,42436.28,111.155
2022-04-09 02:00:00,42443.0,42450.71,42290.11,42373.16,121.629
2022-04-09 02:30:00,42373.16,42375.893,42170.76,42187.36,184.809
2022-04-09 03:00:00,42183.64,42402.0,42118.96,42334.48,287.083
2022-04-09 03:30:00,42335.3,42460.0,42319.9,42391.97,125.697
2022-04-09 04:00:00,42396.44,42507.0,42347.9,42466.34,157.328
2022-04-09 04:30:00,42465.76,42562.0,42401.71,42407.6,101.506
2022-04-09 05:00:00,42409.35,42559.24,42400.0,42489.05,248.308
2022-04-09 05:30:00,42486.76,42651.2,42468.323,42591.47,109.481
2022-04-09 06:00:00,42572.47,42618.8,42451.2,42499.3,102.428
2022-04-09 06:30:00,42497.97,42527.93,42409.29,42439.15,66.006
2022-04-09 07:00:00,42441.25,42492.0,42373.29,42390.79,270.623
2022-04-09 07:30:00,42394.71,42522.34,42352.0,42479.39,95.966
2022-04-09 08:00:00,42479.43,42513.87,42371.0,42371.0,90.333
2022-04-09 08:30:00,42386.0,42519.44,42366.0,42474.36,69.577
2022-04-09 09:00:00,42471.67,42488.22,42419.23,42429.0,74.753
2022-04-09 09:30:00,42434.99,42498.67,42402.4,42452.9,84.929
2022-04-09 10:00:00,42452.44,42472.03,42373.83,42373.84,89.604
2022-04-09 10:30:00,42381.28,42497.55,42334.51,42489.7,263.714
2022-04-09 11:00:00,42489.7,42551.14,42433.0,42493.52,110.322
2022-04-09 11:30:00,42493.51,42515.9,42440.0,42455.51,74.941
2022-04-09 12:00:00,42454.51,42485.47,42408.93,42461.78,80.476
2022-04-09 12:30:00,42460.17,42536.0,42445.0,42512.57,104.767
2022-04-09 13:00:00,42516.67,42526.62,42464.681,42510.2,91.96
2022-04-09 13:30:00,42510.05,42529.59,42455.56,42472.81,119.869
2022-04-09 14:00:00,42471.07,42515.65,42346.134,42433.6,190.11
2022-04-09 14:30:00,42436.24,42477.05,42375.17,42473.37,125.025
2022-04-09 15:00:00,42473.38,42487.09,42266.0,42381.44,317.972
2022-04-09 15:30:00,42380.15,42386.43,42191.0,42231.78,257.86
2022-04-09 16:00:00,42227.0,42458.03,42187.6,42430.39,198.841
2022-04-09 16:30:00,42429.06,42534.36,42418.66,42458.45,150.294
2022-04-09 17:00:00,42453.0,42548.57,42420.77,42503.74,118.911
2022-04-09 17:30:00,42503.74,42635.39,42498.0,42586.13,148.384
2022-04-09 18:00:00,42589.82,42649.47,42471.25,42500.16,195.022
2022-04-09 18:30:00,42500.16,42539.54,42462.095,42481.6,77.694
2022-04-09 19:00:00,42477.436,42606.03,42462.8,42493.26,177.655
2022-04-09 19:30:00,42493.25,42578.0,42480.94,42528.77,110.317
2022-04-09 20:00:00,42529.73,42661.42,42526.07,42567.1,108.71
2022-04-09 20:30:00,42567.21,42583.69,42442.16,42443.26,114.098
2022-04-09 21:00:00,42445.94,42493.94,42401.0,42473.51,112.132
2022-04-09 21:30:00,42473.75,42598.63,42468.323,42577.05,89.403
2022-04-09 22:00:00,42574.71,42655.0,42558.09,42597.19,109.098
2022-04-09 22:30:00,42598.9,42626.73,42519.82,42559.36,142.03
2022-04-09 23:00:00,42559.36,42583.31,42500.0,42534.21,97.241
2022-04-09 23:30:00,42534.2,42824.0,42522.0,42780.0,395.508
2022-04-10 00:00:00,42766.46,42801.586,42679.57,42734.64,187.046
2022-04-10 00:30:00,42735.36,42747.32,42601.49,42645.19,83.342
2022-04-10 01:00:00,42645.19,42747.93,42609.85,42736.9,56.466
2022-04-10 01:30:00,42745.56,42807.0,42719.9,42782.47,84.174
2022-04-10 02:00:00,42785.29,42825.0,42746.94,42780.5,99.818
2022-04-10 02:30:00,42780.51,42911.0,42745.3,42843.27,134.305
2022-04-10 03:00:00,42851.061,42914.73,42785.91,42819.85,164.714
2022-04-10 03:30:00,42819.13,42834.0,42784.96,42793.31,77.794
2022-04-10 04:00:00,42793.27,42805.96,42748.4,42790.96,61.888
2022-04-10 04:30:00,42790.28,42811.33,42724.35,42757.08,59.936
2022-04-10 05:00:00,42757.33,42814.35,42684.86,42700.1,109.734
2022-04-10 05:30:00,42701.351,42732.0,42661.7,42666.18,61.691
2022-04-10 06:00:00,42666.18,42718.088,42658.0,42695.67,53.377
2022-04-10 06:30:00,42696.22,42825.4,42693.61,42798.47,103.163
2022-04-10 07:00:00,42797.24,42819.0,42620.17,42628.55,80.507
2022-04-10 07:30:00,42628.62,42682.0,42589.24,42643.75,41.628
2022-04-10 08:00:00,42644.42,42726.0,42576.67,42705.72,48.184
2022-04-10 08:30:00,42705.72,42737.6,42608.07,42656.63,63.404
2022-04-10 09:00:00,42657.31,42675.29,42512.35,42565.81,92.15
2022-04-10 09:30:00,42565.81,42607.0,42502.58,42536.34,128.667
2022-04-10 10:00:00,42536.84,42579.0,42421.2,42491.82,98.192
2022-04-10 10:30:00,42500.1,42542.5,42460.6,42540.53,96.073
2022-04-10 11:00:00,42540.53,42594.93,42503.6,42555.38,47.98
2022-04-10 11:30:00,42555.38,42743.009,42527.87,42724.0,90.301
2022-04-10 12:00:00,42701.16,42880.0,42594.71,42621.36,326.76
2022-04-10 12:30:00,42620.47,42698.0,42539.84,42603.92,76.85
2022-04-10 13:00:00,42604.31,42685.0,42556.86,42606.01,75.047
2022-04-10 13:30:00,42606.02,42662.01,42535.49,42593.51,72.709
2022-04-10 14:00:00,42600.0,42661.93,42552.34,42650.42,108.688
2022-04-10 14:30:00,42649.67,42775.0,42622.5,42709.09,225.923
2022-04-10 15:00:00,42729.0,42791.0,42650.92,42740.06,147.775
2022-04-10 15:30:00,42738.39,42803.195,42728.48,42763.63,81.006
2022-04-10 16:00:00,42763.58,42810.47,42681.62,42694.5,99.819
2022-04-10 16:30:00,42694.49,42838.0,42694.17,42801.48,176.825
2022-04-10 17:00:00,42802.98,43177.0,42799.9,43051.73,454.003
2022-04-10 17:30:00,43051.74,44023.0,42974.0,43114.17,1151.625
2022-04-10 18:00:00,43114.11,43270.0,43085.74,43210.9,166.434
2022-04-10 18:30:00,43211.03,43285.0,43115.12,43120.68,193.665
2022-04-10 19:00:00,43115.51,43259.704,43079.74,43227.0,200.442
2022-04-10 19:30:00,43225.0,43307.549,43200.79,43261.12,173.191
2022-04-10 20:00:00,43262.54,43465.095,43255.0,43355.27,436.718
2022-04-10 20:30:00,43356.47,43405.0,43091.2,43116.35,160.131
2022-04-10 21:00:00,43128.0,43223.0,43094.73,43142.55,144.758
2022-04-10 21:30:00,43142.54,43170.23,42626.0,42712.24,601.799
2022-04-10 22:00:00,42712.25,42747.65,42360.0,42399.4,577.55
2022-04-10 22:30:00,42397.08,42434.14,41805.4,42128.73,1357.585
2022-04-10 23:00:00,42147.547,42408.0,41988.63,42351.78,383.137
2022-04-10 23:30:00,42330.5,42433.0,42066.0,42165.96,402.945
2022-04-11 00:00:00,42165.96,42297.0,41769.3,42276.13,886.862
2022-04-11 00:30:00,42277.99,42404.0,42142.25,42311.95,324.494
2022-04-11 01:00:00,42311.76,42437.0,42276.0,42338.72,162.56
2022-04-11 01:30:00,42341.7,42379.0,42153.58,42158.73,148.259
2022-04-11 02:00:00,42158.73,42250.0,41901.0,42016.22,341.486
2022-04-11 02:30:00,42017.25,42111.0,41810.33,41900.0,335.283
2022-04-11 03:00:00,41946.0,42103.704,41834.78,42021.0,261.675
2022-04-11 03:30:00,42008.73,42178.0,41926.36,42120.99,212.425
2022-04-11 04:00:00,42120.99,42222.0,42090.65,42186.84,219.69
2022-04-11 04:30:00,42185.56,42300.7,42137.53,42265.07,74.045
2022-04-11 05:00:00,42284.0,42317.0,42199.04,42280.34,105.326
2022-04-11 05:30:00,42281.24,42326.0,42245.36,42299.96,72.304
2022-04-11 06:00:00,42299.47,42321.0,42172.8,42205.42,84.613
2022-04-11 06:30:00,42202.24,42373.0,42191.36,42269.53,94.723
2022-04-11 07:00:00,42272.49,42362.787,42167.64,42338.4,180.046
2022-04-11 07:30:00,42345.97,42377.0,42267.76,42315.14,119.644
2022-04-11 08:00:00,42319.76,42383.19,42190.0,42206.18,131.801
2022-04-11 08:30:00,42210.93,42257.0,42091.72,42203.91,136.922
2022-04-11 09:00:00,42205.56,42235.0,41957.72,42033.13,201.096
2022-04-11 09:30:00,42032.33,42068.017,41415.01,41438.56,1099.828
2022-04-11 10:00:00,41500.0,41676.0,41165.4,41474.79,1184.747
2022-04-11 10:30:00,41474.78,41626.95,41371.75,41614.74,386.3
2022-04-11 11:00:00,41611.72,41618.0,41122.34,41161.9,642.628
2022-04-11 11:30:00,41189.0,41317.0,40977.54,41078.45,1107.799
2022-04-11 12:00:00,41097.919,41250.859,40913.41,41127.83,654.275
2022-04-11 12:30:00,41127.83,41265.0,41032.77,41148.59,548.603
2022-04-11 13:00:00,41147.46,41215.0,40794.5,40983.12,596.978
2022-04-11 13:30:00,40983.02,41205.0,40693.46,41136.71,1128.997
2022-04-11 14:00:00,41142.38,41249.0,40769.87,40843.3,633.552
2022-04-11 14:30:00,40849.09,40972.0,40715.7,40799.0,776.138
2022-04-11 15:00:00,40810.92,41015.0,40771.64,40802.46,432.663
2022-04-11 15:30:00,40803.15,40935.052,40563.07,40580.32,933.188
2022-04-11 16:00:00,40580.31,40845.0,40417.94,40522.64,858.843
2022-04-11 16:30:00,40516.0,40851.0,40491.28,40759.79,547.172
2022-04-11 17:00:00,40793.0,40926.0,40261.45,40499.26,1085.377
2022-04-11 17:30:00,40497.18,40591.9,40300.0,40459.62,645.59
2022-04-11 18:00:00,40461.21,40478.0,40229.91,40398.81,721.425
2022-04-11 18:30:00,40398.52,40547.0,40325.35,40505.07,504.066
2022-04-11 19:00:00,40505.07,40630.0,39918.8,39990.0,1434.795
2022-04-11 19:30:00,39917.76,40111.0,39761.03,39982.27,1197.385
2022-04-11 20:00:00,39981.12,40159.0,39500.0,40100.0,1466.234
2022-04-11 20:30:00,40097.87,40281.0,39819.67,39833.99,743.287
2022-04-11 21:00:00,39833.98,39930.0,39677.99,39698.07,671.238
2022-04-11 21:30:00,39698.06,39794.227,39300.0,39399.1,1052.251
2022-04-11 22:00:00,39400.51,39881.366,39204.59,39818.58,876.619
2022-04-11 22:30:00,39818.58,40003.388,39680.5,39769.78,429.88
2022-04-11 23:00:00,39769.78,39863.0,39565.07,39641.48,368.053
2022-04-11 23:30:00,39629.8,39710.0,39375.26,39535.87,414.393
2022-04-12 00:00:00,39535.88,39749.883,39362.14,39672.13,692.025
2022-04-12 00:30:00,39670.45,39867.0,39541.79,39552.25,414.356
2022-04-12 01:00:00,39553.27,39751.0,39405.1,39717.82,323.333
2022-04-12 01:30:00,39714.2,39752.0,39450.0,39503.79,325.724
2022-04-12 02:00:00,39503.75,39580.0,39287.48,39336.77,369.575
2022-04-12 02:30:00,39334.22,39520.0,39293.65,39496.55,335.598
2022-04-12 03:00:00,39492.13,39642.0,39456.9,39571.58,187.658
2022-04-12 03:30:00,39570.08,39775.0,39541.81,39753.87,234.112
2022-04-12 04:00:00,39749.96,39926.0,39625.21,39863.57,185.267
2022-04-12 04:30:00,39863.57,39984.5,39742.3,39928.52,269.654
2022-04-12 05:00:00,39927.62,40159.0,39872.03,40059.2,297.932
2022-04-12 05:30:00,40088.0,40167.0,39970.04,40110.16,198.399
2022-04-12 06:00:00,40114.1,40194.0,39987.0,40005.7,262.664
2022-04-12 06:30:00,40004.95,40015.0,39841.41,39944.88,213.902
2022-04-12 07:00:00,39944.64,40210.0,39871.78,40163.4,348.849
2022-04-12 07:30:00,40169.32,40211.0,40089.86,40196.64,213.514
2022-04-12 08:00:00,40196.64,40369.0,40113.56,40126.36,371.848
2022-04-12 08:30:00,40152.322,40308.0,40117.26,40217.0,176.91
2022-04-12 09:00:00,40183.93,40235.0,40042.53,40150.95,223.383
2022-04-12 09:30:00,40151.06,40266.0,40109.67,40217.5,136.34
2022-04-12 10:00:00,40233.0,40260.361,40100.0,40136.87,164.467
2022-04-12 10:30:00,40134.93,40301.0,40110.2,40157.96,171.36
2022-04-12 11:00:00,40157.95,40324.0,40111.67,40299.49,168.977
2022-04-12 11:30:00,40302.64,40482.0,40278.78,40385.15,449.955
2022-04-12 12:00:00,40391.0,40440.99,40211.39,40328.72,329.412
2022-04-12 12:30:00,40323.96,40770.0,40282.33,40627.12,1753.343
2022-04-12 13:00:00,40626.91,40649.0,40443.74,40552.42,754.55
2022-04-12 13:30:00,40553.64,40563.14,40165.0,40406.0,983.351
2022-04-12 14:00:00,40406.1,40458.0,39798.2,39865.18,954.597
2022-04-12 14:30:00,39861.0,40075.99,39851.97,40006.9,594.29
2022-04-12 15:00:00,40003.93,40359.0,39968.3,40329.69,509.231
2022-04-12 15:30:00,40327.01,40400.408,40162.5,40193.43,461.315
2022-04-12 16:00:00,40193.98,40388.362,39942.36,40039.22,422.231
2022-04-12 16:30:00,40037.3,40161.38,39930.0,40105.47,491.707
2022-04-12 17:00:00,40104.85,40245.0,40004.0,40122.22,399.234
2022-04-12 17:30:00,40124.85,40171.9,39944.48,40023.13,436.705
2022-04-12 18:00:00,40022.76,40085.674,39718.94,39781.7,509.272
2022-04-12 18:30:00,39784.05,39826.0,39636.89,39685.11,481.626
2022-04-12 19:00:00,39682.48,39730.0,39386.94,39429.31,880.982
2022-04-12 19:30:00,39427.56,39653.0,39263.13,39303.48,617.853
2022-04-12 20:00:00,39303.47,39592.0,39250.0,39510.22,370.39
2022-04-12 20:30:00,39510.24,39636.0,39287.62,39530.74,371.845
2022-04-12 21:00:00,39530.79,39764.0,39483.57,39721.88,316.493
2022-04-12 21:30:00,39725.44,39758.0,39606.12,39713.53,210.34
2022-04-12 22:00:00,39712.97,39729.0,39572.46,39631.95,200.408
2022-04-12 22:30:00,39634.44,39948.0,39572.46,39842.67,497.791
2022-04-12 23:00:00,39842.87,40300.0,39826.94,40114.6,591.704
2022-04-12 23:30:00,40118.3,40218.329,39969.53,40085.91,269.685
2022-04-13 00:00:00,40086.7,40210.0,40018.81,40087.45,283.903
2022-04-13 00:30:00,40082.4,40106.0,39894.73,39945.58,225.997
2022-04-13 01:00:00,39943.57,39954.0,39550.0,39617.91,637.461
2022-04-13 01:30:00,39617.91,39890.0,39587.73,39885.77,251.755
2022-04-13 02:00:00,39890.583,39950.0,39708.34,39778.6,199.372
2022-04-13 02:30:00,39778.6,40203.0,39747.9,40055.79,359.651
2022-04-13 03:00:00,40055.79,40280.0,40004.55,40174.27,290.52
2022-04-13 03:30:00,40174.27,40211.759,40059.29,40070.64,148.663
2022-04-13 04:00:00,40068.98,40118.0,39940.34,39989.21,317.147
2022-04-13 04:30:00,39987.22,40158.0,39943.42,40139.86,96.063
2022-04-13 05:00:00,40140.36,40174.0,40051.88,40097.94,116.177
2022-04-13 05:30:00,40097.33,40224.0,40077.76,40198.0,137.632
2022-04-13 06:00:00,40196.5,40241.0,40078.56,40088.08,141.022
2022-04-13 06:30:00,40088.18,40157.316,39872.9,39962.5,215.615
2022-04-13 07:00:00,39966.03,40245.0,39914.12,40177.65,411.108
2022-04-13 07:30:00,40177.61,40216.0,40094.98,40139.07,207.862
2022-04-13 08:00:00,40141.83,40215.352,40025.5,40059.61,231.071
2022-04-13 08:30:00,40059.87,40209.0,40050.0,40162.08,183.832
2022-04-13 09:00:00,40159.91,40224.545,40076.71,40111.02,173.177
2022-04-13 09:30:00,40111.56,40217.0,40030.96,40079.08,214.36
2022-04-13 10:00:00,40079.07,40155.0,39809.58,39871.43,247.134
2022-04-13 10:30:00,39871.42,39943.0,39758.71,39819.35,233.189
2022-04-13 11:00:00,39822.36,39994.0,39814.28,39979.2,163.828
2022-04-13 11:30:00,39980.17,40006.0,39704.79,39728.59,276.686
2022-04-13 12:00:00,39728.58,39937.0,39656.14,39735.28,444.257
2022-04-13 12:30:00,39743.8,39843.61,39640.4,39710.0,203.76
2022-04-13 13:00:00,39733.377,39860.0,39636.57,39836.64,218.949
2022-04-13 13:30:00,39844.12,40607.9,39786.82,40553.59,1220.962
2022-04-13 14:00:00,40538.0,41003.05,40458.0,40604.09,1745.445
2022-04-13 14:30:00,40604.1,40777.0,40391.55,40661.75,562.396
2022-04-13 15:00:00,40658.15,41468.0,40653.34,41318.67,1445.403
2022-04-13 15:30:00,41320.46,41441.0,41100.0,41167.91,586.359
2022-04-13 16:00:00,41172.69,41358.08,41088.54,41147.11,549.122
2022-04-13 16:30:00,41145.06,41267.0,40942.06,41019.48,868.589
2022-04-13 17:00:00,41023.67,41153.691,40814.0,41114.28,640.153
2022-04-13 17:30:00,41114.31,41147.0,40879.3,41049.99,400.472
2022-04-13 18:00:00,41049.94,41268.0,40991.8,41191.59,484.716
2022-04-13 18:30:00,41193.69,41394.0,41166.14,41377.24,290.666
2022-04-13 19:00:00,41376.02,41570.88,41240.52,41344.16,614.579
2022-04-13 19:30:00,41348.3,41353.0,41037.75,41075.78,387.344
2022-04-13 20:00:00,41075.1,41371.86,41004.2,41155.23,375.563
2022-04-13 20:30:00,41150.0,41333.0,41145.0,41251.05,239.869
2022-04-13 21:00:00,41248.15,41335.11,41188.52,41189.38,170.034
2022-04-13 21:30:00,41188.91,41308.208,41089.93,41230.77,233.337
2022-04-13 22:00:00,41227.63,41334.0,41154.91,41276.83,215.687
2022-04-13 22:30:00,41276.83,41433.2,41212.11,41284.62,298.068
2022-04-13 23:00:00,41286.62,41346.25,41081.42,41158.24,277.666
2022-04-13 23:30:00,41160.42,41208.0,41080.22,41146.68,203.457
2022-04-14 00:00:00,41147.15,41250.0,41058.82,41218.59,329.583
2022-04-14 00:30:00,41218.58,41290.0,41104.14,41199.9,289.77
2022-04-14 01:00:00,41193.04,41374.24,41183.0,41362.23,345.29
2022-04-14 01:30:00,41361.71,41512.43,41297.63,41482.38,430.829
2022-04-14 02:00:00,41481.14,41494.31,41347.4,41395.29,296.668
2022-04-14 02:30:00,41395.28,41478.0,41352.58,41422.32,222.677
2022-04-14 03:00:00,41422.33,41472.538,41281.94,41300.0,241.72
2022-04-14 03:30:00,41296.67,41378.39,41278.4,41312.4,223.587
2022-04-14 04:00:00,41323.97,41431.0,41312.4,41377.33,181.251
2022-04-14 04:30:00,41377.33,41424.0,41243.0,41298.77,230.404
2022-04-14 05:00:00,41298.77,41365.0,41281.0,41289.39,199.326
2022-04-14 05:30:00,41289.28,41349.98,41247.6,41319.24,178.004
2022-04-14 06:00:00,41321.93,41354.9,41211.96,41269.55,139.59
2022-04-14 06:30:00,41269.59,41272.3,41160.0,41210.26,219.979
2022-04-14 07:00:00,41210.84,41306.0,41160.2,41279.34,184.161
2022-04-14 07:30:00,41279.35,41381.74,41233.79,41274.56,215.012
2022-04-14 08:00:00,41274.85,41341.01,41206.9,41226.92,188.672
2022-04-14 08:30:00,41226.92,41290.27,41157.7,41187.1,250.557
2022-04-14 09:00:00,41178.0,41200.52,40980.8,41062.73,423.273
2022-04-14 09:30:00,41062.73,41225.7,41010.29,41186.1,242.817
2022-04-14 10:00:00,41185.759,41224.22,41113.78,41162.96,221.98
2022-04-14 10:30:00,41162.96,41177.94,40945.33,40952.66,288.887
2022-04-14 11:00:00,40952.66,41086.539,40936.0,41002.31,279.485
2022-04-14 11:30:00,41002.3,41074.839,40842.28,40920.88,513.371
2022-04-14 12:00:00,40922.0,41110.59,40614.78,41032.16,625.808
2022-04-14 12:30:00,41023.38,41202.15,40978.74,41152.84,385.931
2022-04-14 13:00:00,41152.85,41304.78,41080.45,41214.55,536.986
2022-04-14 13:30:00,41214.55,41332.0,40511.63,40613.52,1959.918
2022-04-14 14:00:00,40611.19,40669.84,40310.51,40486.85,1188.369
2022-04-14 14:30:00,40489.33,40669.31,40359.97,40442.88,729.401
2022-04-14 15:00:00,40435.25,40500.0,40351.12,40426.8,522.12
2022-04-14 15:30:00,40419.71,40449.0,39927.2,39971.31,1777.6
2022-04-14 16:00:00,39971.32,40067.57,39847.0,39945.56,969.5
2022-04-14 16:30:00,39946.73,40000.0,39748.9,39964.0,868.124
2022-04-14 17:00:00,39946.85,39989.0,39854.8,39940.6,274.129
2022-04-14 17:30:00,39938.17,40059.19,39836.0,39985.14,529.556
2022-04-14 18:00:00,39986.87,40077.0,39847.03,39933.69,459.614
2022-04-14 18:30:00,39933.69,39971.9,39612.83,39658.84,570.644
2022-04-14 19:00:00,39657.33,39800.0,39573.8,39749.65,499.546
2022-04-14 19:30:00,39752.24,39873.41,39704.3,39783.5,351.113
2022-04-14 20:00:00,39782.41,39830.22,39655.0,39780.6,541.629
2022-04-14 20:30:00,39779.37,39924.0,39765.58,39919.01,310.334
2022-04-14 21:00:00,39917.7,39945.91,39866.64,39912.86,282.884
2022-04-14 21:30:00,39912.84,40011.29,39894.69,39976.4,240.22
2022-04-14 22:00:00,39979.35,40033.01,39950.0,39986.42,185.297
2022-04-14 22:30:00,39986.32,40000.0,39811.0,39851.53,270.85
2022-04-14 23:00:00,39839.0,39929.29,39827.76,39905.51,162.539
2022-04-14 23:30:00,39905.51,39964.22,39835.9,39955.14,120.097
2022-04-15 00:00:00,39953.62,40190.955,39900.98,40104.96,409.576
